
//!!! lambda1>0.5 makes the model having multiple stable solutions if
//!!! there is not policy
//!!! lambda1=0.4 make the model having no stable solution if there is no
//!!! policy
  

beta1_US = 0.568788;
beta2_US = 0.231212;
beta3m_US = 0.186600;
beta3_US = 0.0;


kappa1_US = 20.077300;

theta_US = 1.070800;

gamma1_US = 0.710700;
gamma2_US = 0.910400;
gamma4_US = 0.205200;

lambda1x_US = 0.700000;
lambda2x_US = 0.100000;

zetay_US = 0.000000;
zetayy_US = 0.8;0.500000;
zetars_US = 0.390000;

rs_floor_US = 0.0;
rs_delta = 0.00001;

rho_US = 0.050000;
rr_bar_ss_US = 1.880000;
lrrw01_US = 0.100000;
lrrw04_US = 0.350000;
lrrw12_US = 0.350000;
lrrw20_US = 0.200000;

zetax_US = 0.00000;

pietar_ss_US = 2.00000;

ss_tprem40 = 1.0;

// objective function parameters
disc = 1;

